%YAML:1.0 # need to specify the file type at the top!

cam0:
  T_imu_cam:
    - [-7.96605341e-03,  9.97677174e-01, -6.76520409e-02,  4.58897870e-03]
    - [ 9.99968140e-01,  7.91317737e-03, -1.04953475e-03, -1.74612264e-03]
    - [-5.11754267e-04, -6.76582462e-02, -9.97708424e-01,  4.25609180e-03]
    - [ 0.00000000e+00,  0.00000000e+00,  0.00000000e+00,  1.00000000e+00]    
  cam_overlaps: [1]
  camera_model: pinhole
  distortion_coeffs: [-0.27228711739081235, 0.053487904335059795, 0.0011668328099967349, 0.0009379365610406982]
  distortion_model: radtan
  intrinsics: [552.4472619559527, 552.7933165193676, 676.6355935044392, 341.10452429405785]
  resolution: [1280, 720]
  rostopic: /oak/left/image_raw
  timeshift_cam_imu: -0.01046860446014159
cam1:
  T_imu_cam:
    - [-0.00371361,  0.99876547, -0.04953536,  0.00387801]
    - [ 0.99997265,  0.00402582,  0.00620452,  0.05815854]
    - [ 0.00639628, -0.04951096, -0.9987531,   0.00566371]
    - [ 0.,          0.,          0.,          1.        ]
  cam_overlaps: [0]
  camera_model: pinhole
  distortion_coeffs: [-0.2756802124436245, 0.05608460954639072, 0.0014091961715688185, -0.0003395412963821159]
  distortion_model: radtan
  intrinsics: [558.679453683246, 557.5604752053843, 652.2339441627657, 335.39235796293724]
  resolution: [1280, 720]
  rostopic: /oak/right/image_raw
  timeshift_cam_imu: -0.008229434207893438
